v2.0 raw
30 20 50 4f 52 20 45 58
54 45 4e 53 4f 20 45 48
20 5a 45 52 4f 0 31 20
50 4f 52 20 45 58 54 45
4e 53 4f 20 45 48 20 55
4d 0 32 20 50 4f 52 20
45 58 54 45 4e 53 4f 20
45 48 20 44 4f 49 53 0
33 20 50 4f 52 20 45 58
54 45 4e 53 4f 20 45 48
20 54 52 45 53 0 34 20
50 4f 52 20 45 58 54 45
4e 53 4f 20 45 48 20 51
55 41 54 52 4f 0 35 20
50 4f 52 20 45 58 54 45
4e 53 4f 20 45 48 20 43
49 4e 43 4f 0 36 20 50
4f 52 20 45 58 54 45 4e
53 4f 20 45 48 20 53 45
49 53 0 37 20 50 4f 52
20 45 58 54 45 4e 53 4f
20 45 48 20 53 45 54 45
0 38 20 50 4f 52 20 45
58 54 45 4e 53 4f 20 45
48 20 4f 49 54 4f 0 39
20 50 4f 52 20 45 58 54
45 4e 53 4f 20 45 48 20
4e 4f 56 45 0 45 4e 54
52 45 20 43 4f 4d 20 55
4d 20 4e 55 4d 45 52 4f
20 44 45 20 30 20 41 20
39 3a 0 45 52 52 4f
